2016 61776554
2014 35624357
2012 59645531
2010 38980192
2008 65237840
2006 42338795
2004 52969786
2002 33795885
2000 46582167
1998 31490298
1996 43507586
1994 31609829
1992 48654189
1990 32463372
1988 43544565
1986 32447021
1984 42973494
1982 35284473
1980 39347947
1978 29317222
1976 41474890
1974 30054097
1972 37071352
1970 29080212
1968 33214994
1966 26934136
1964 37643960
1962 26860184
1960 35125032
1958 25604679
1956 30062042
1954 22366386
1952 28642537
1950 19991683
1948 24217516
1946 15491113
1944 23380045
1942 13181759
1940 24227821
1938 17715450
