2016 63173815
2014 40081282
2012 58228253
2010 44827441
2008 52249491
2006 35857334
2004 55958144
2002 37332552
2000 46992383
1998 32237964
1996 43447962
1994 36569698
1992 43812063
1990 27596256
1988 37209219
1986 26533178
1984 38734908
1982 27704312
1980 37322627
1978 24464665
1976 31380535
1974 21271332
1972 33119664
1970 24352657
1968 32059047
1966 25521157
1964 27916576
1962 24160387
1960 28750866
1958 19931409
1956 28698083
1954 20016809
1952 28393794
1950 19735173
1948 20894960
1946 18422363
1944 21256035
1942 14271483
1940 21490392
1938 17274585
